nanoCalibMatrix = [0.026350, 0.057250, -0.168980, -3.362720, 0.1599000, 3.37204;
                   0.039660, 3.972550, -0.152510, -1.870750, -0.079070, -2.01298;
                   3.759480, -0.06271, 3.785160,  -0.056060, 3.7825700, -0.19971;
                  -0.515690, 24.65602, 19.68848,  -11.89616, -21.76668, -11.4045;
                  -24.92166, 0.092610, 12.63655,   20.64617, 11.455150, -21.56128;
                   0.091560, 14.93053, 0.648980,   14.11840, 0.8499500, 15.119190];

NanoOffset = [-0.0437359113489638;
               0.756998832187297;
               0.180791924759231;
               0.552210975876987;
               0.0372213444991813;
               0.361092663140281];
           
NanoOffset_X = [0.188898779922692;
                -0.022550020826866;
                0.020537447990387;
                0.008614350815029;
                -2.649073598084010;
                -1.744886646463107];
            
            
NanoOffset_Y = [0.215839239303271;
                -0.057835567284428;
                -0.005674484028081;
                -0.087542388584274;
                -2.608180548136064;
                -1.797552506499418];
            
NanoOffset_Z = [ -0.039055054455492;
                0.757773343759374;
                 0.180971526870750;
                0.548857467768848;
                0.038837180735051;
                0.356789028128437];